2 0.8329166671875001 0.6528481484374999 0.7520833328125 0.59851851875 0.7112499999999999 0.7031879625 0.7954166671875 0.7712935187500001 0.8329166671875001 0.6528481484374999
2 0.746875 0.81953125 0.12421875 0.26484375
2 0.596875 0.66953125 0.0890625 0.21015625
2 0.528125 0.89140625 0.296875 0.2171875
1 0.02578125 0.2484375 0.046875 0.0953125
3 0.31484375 0.39296875 0.0328125 0.09296875
3 0.41953125 0.5 0.04296875 0.121875
2 0.41624999999999995 0.8097879625 0.64375 0.39851851875 0.34875 0.2220046296875 0.0654166671875 0.5329231484375 0.41624999999999995 0.8097879625
2 0.47041666718749997 0.36858055625 0.44625000000000004 0.27234444375 0.35208333281250004 0.2042379625 0.2029166671875 0.38338611093749997 0.1954166671875 0.5003509265625 0.2029166671875 0.5136759265624999 0.36124999999999996 0.346372221875 0.47041666718749997 0.36858055625
4 0.4375 0.513946296875 0.4247161453125 0.517003703125 0.42462135468750006 0.5361546296874999 0.4386364578125 0.5334629625 0.4375 0.513946296875
4 0.4094697921875 0.5078888890625 0.3996213546875 0.495959259375 0.3954546875 0.5166379625 0.40833333281249995 0.529425 0.4094697921875 0.5078888890625
4 0.3109848953125 0.394827778125 0.3044505203125 0.3781148140625 0.2988635421875 0.388771296875 0.3064395828125 0.40492314843750005 0.3109848953125 0.394827778125
4 0.3234848953125 0.392809259375 0.32339010468749996 0.4050509265625 0.3340911453125 0.411652778125 0.3340911453125 0.3975203703125 0.3234848953125 0.392809259375
2 0.34848489531250004 0.5994953703125 0.35075781250000004 0.6337370375 0.4965911453125 0.588647221875 0.4909088546875 0.554325 0.34848489531250004 0.5994953703125