3 0.40083333281250005 0.4696481484375 0.3333333328125 0.49851851875 0.3533333328125 0.662121296875 0.41 0.635471296875 0.40083333281250005 0.4696481484375
1 0.44166666718750003 0.207777778125 0.4483333328125 0.33195648125 0.5033333328125 0.30382592656249996 0.4875 0.1868611109375 0.44166666718750003 0.207777778125
2 0.13229166718750002 0.3429629625 0.13333333281249998 0.4740898140625 0.2008333328125 0.4563231484375 0.1875 0.3201120375 0.13229166718750002 0.3429629625
2 0.253125 0.05592592656249999 0.25916666718750003 0.1409638890625 0.36833333281249997 0.10987222187500001 0.36583333281249997 0.029921296874999996 0.253125 0.05592592656249999
2 0.2052083328125 0.14851851875 0.2216666671875 0.8738416671874999 0.2666666671875 0.8634777781249999 0.23583333281250002 0.143925 0.2052083328125 0.14851851875
2 0.7833333328125 0.0188888890625 0.1875 0.14244444375 0.2525 0.4770509265625 0.8133333328125 0.3423203703125 0.7833333328125 0.0188888890625
2 0.5608333328125 0.4133870375 0.5541666671875001 0.252222221875 0.44000000000000006 0.2816166671875 0.44166666718750003 0.4415175921875 0.5608333328125 0.4133870375
2 0.5954166671875 0.299247221875 0.5974999999999999 0.40006203749999997 0.705 0.37193148125 0.705 0.2727333328125 0.5954166671875 0.299247221875
2 0.44375 0.5318518515624999 0.459375 0.73649351875 0.6552083328125 0.6817129625 0.6252083328125 0.458147221875 0.44375 0.5318518515624999
2 0.254375 0.48035648125 0.2635416671875 0.9744444437500001 0.9110416671875001 0.7957157406250001 0.7827083328125 0.3380425921875 0.254375 0.48035648125
2 0.6877083328125 0.819225 0.5677083328125 0.8506666671875 0.561875 0.9006564812500001 0.7002083328125 0.87104444375 0.6877083328125 0.819225