2 0.74453125 0.80234375 0.14453125 0.29375
2 0.7765625 0.68046875 0.1234375 0.159375
2 0.59453125 0.69765625 0.071875 0.24609375
2 0.52265625 0.90078125 0.2890625 0.1984375
2 0.3458333328125 0.21518518593749997 0.1991666671875 0.3896981484375 0.20416666718749998 0.5037009265625 0.3616666671875 0.3438009265625 0.3458333328125 0.21518518593749997
2 0.4483333328125 0.277175 0.355 0.22831666718750002 0.355 0.3482425921875 0.4683333328125 0.377853703125 0.4483333328125 0.277175
2 0.34750000000000003 0.635471296875 0.5 0.5874074078125 0.49083333281249997 0.5599629625 0.3441666671875 0.6043796296874999 0.34750000000000003 0.635471296875
2 0.35 0.23571944375 0.0739583328125 0.5225925921875 0.42000000000000004 0.8116583328125 0.6441666671874999 0.39710092656249996 0.35 0.23571944375
3 0.41953125 0.51484375 0.0390625 0.0921875
3 0.31796875 0.38671875 0.03359375 0.10625
4 0.42734375 0.5265625 0.00625 0.01640625
4 0.40390625 0.51171875 0.00625 0.01328125
4 0.4 0.4125 0.10078125 0.0640625
4 0.328125 0.4078125 0.00625 0.01015625
4 0.30546875 0.3890625 0.00625 0.01796875